   1.4000000e+03   4.6800000e+03
   1.4200000e+03   4.6800000e+03
   1.4400000e+03   4.6800000e+03
   1.4600000e+03   4.6800000e+03
   1.4800000e+03   4.6800000e+03
   1.5000000e+03   4.6800000e+03
   1.5200000e+03   4.6800000e+03
   1.5400000e+03   4.6800000e+03
   1.5600000e+03   4.6800000e+03
   1.5800000e+03   4.6800000e+03
   1.6000000e+03   4.6800000e+03
   1.6200000e+03   4.6800000e+03
   1.6400000e+03   4.6800000e+03
   1.6600000e+03   4.6800000e+03
   1.6800000e+03   4.6800000e+03
   1.7000000e+03   4.6800000e+03
   1.7200000e+03   4.6800000e+03
   1.7400000e+03   4.6800000e+03
   1.7600000e+03   4.6800000e+03
   1.7800000e+03   4.6800000e+03
   1.8000000e+03   4.6800000e+03
   1.8200000e+03   4.6800000e+03
   1.8400000e+03   4.6800000e+03
   1.8600000e+03   4.6800000e+03
   1.8800000e+03   4.6800000e+03
   1.9000000e+03   4.6800000e+03
   1.9200000e+03   4.6800000e+03
   1.9400000e+03   4.6800000e+03
   1.9600000e+03   4.6800000e+03
   1.9800000e+03   4.6800000e+03
   2.0000000e+03   4.6800000e+03
   2.0200000e+03   4.6800000e+03
   2.0400000e+03   4.6800000e+03
   2.0600000e+03   4.6800000e+03
   2.0800000e+03   4.6800000e+03
   2.1000000e+03   4.6800000e+03
   2.1200000e+03   4.6800000e+03
   2.1400000e+03   4.6800000e+03
   2.1600000e+03   4.6800000e+03
   2.1800000e+03   4.6800000e+03
   2.2000000e+03   4.6800000e+03
   2.2200000e+03   4.6800000e+03
   2.2400000e+03   4.6800000e+03
   2.2600000e+03   4.6800000e+03
   2.2800000e+03   4.6800000e+03
   2.3000000e+03   4.6800000e+03
   2.3200000e+03   4.6800000e+03
   2.3400000e+03   4.6800000e+03
   2.3600000e+03   4.6800000e+03
   2.3800000e+03   4.6800000e+03
   2.4000000e+03   4.6800000e+03
   2.4200000e+03   4.6800000e+03
   2.4400000e+03   4.6800000e+03
   2.4600000e+03   4.6800000e+03
   2.4800000e+03   4.6800000e+03
   2.5000000e+03   4.6800000e+03
   2.5000000e+03   4.7000000e+03
   2.5000000e+03   4.7200000e+03
   2.5000000e+03   4.7400000e+03
   2.5000000e+03   4.7600000e+03
   2.5000000e+03   4.7800000e+03
   2.5000000e+03   4.8000000e+03
   2.5000000e+03   4.8200000e+03
   2.5000000e+03   4.8400000e+03
   2.5000000e+03   4.8600000e+03
   2.5000000e+03   4.8800000e+03
   1.1000000e+03   1.4080000e+04
   4.4800000e+03   1.2920000e+04
   5.4800000e+03   6.1200000e+03
   5.7800000e+03   1.1200000e+03
   1.6800000e+03   2.2200000e+03
   9.8000000e+02  -3.3800000e+03
   7.4800000e+03  -5.1200000e+03
   4.7800000e+03  -1.2280000e+04
